40408
38903
39517
40514
41000
41130
41262
41485
41529
42082
43177
46071
46139
46499
47152
47340
47753
47908
47981
47982
47988
48045
48254
48659
48732
48792
48805
49133
49832
49997
50011
50038
50041
50530
51542
51679
51695
52248
52417
52481
52501
52510
52816
52884
52933
53111
53239
54498
54701
54704
54782
54936
54986
55045
55327
55394
55557
55619
55627
55738
55883
55898
55914
56064
56081
56247
56621
57160
57372
57383
57492
58364
58855
58990
59007
59745
59749
59760
59763
59978
59979
59980
59981
59982
59984
59985
59986
59987
59988
59989
59990
59998
60063
60086
60262
25435
31565
41621
47485
39973
44027
42732
47693
50999
54699
57526
12033
22686
55590
55636
60324
42368
42471
44363
44622
46785
47562
48440
51552
54919
54934
55022
55034
58248
37196
